1,62,56,2022-07-11
2,448,81,2022-03-08
3,219,237,2022-02-06
4,761,113,2022-04-05
5,98,221,2022-08-20
6,124,78,2022-08-24
7,926,219,2022-09-19
8,186,90,2023-01-06
9,296,249,2022-09-12
10,227,202,2023-01-05
11,557,79,2022-07-16
12,905,198,2022-03-30
13,49,233,2022-10-03
14,560,249,2022-02-11
15,768,126,2022-12-13
16,324,27,2022-10-24
17,996,193,2022-02-20
18,843,84,2022-03-12
19,124,109,2022-07-22
20,892,98,2022-09-14
21,870,145,2022-09-03
22,883,217,2022-03-25
23,899,57,2022-05-23
24,529,212,2022-10-21
25,616,188,2023-01-25
26,405,34,2022-12-23
27,260,1,2022-11-17
28,461,189,2022-03-12
29,172,5,2022-06-04
30,826,222,2022-04-19
31,658,162,2022-02-15
32,728,7,2022-03-26
33,875,4,2022-10-07
34,411,78,2022-12-22
35,700,73,2022-03-07
36,896,188,2022-03-19
37,791,228,2022-11-17
38,954,168,2022-04-03
39,515,61,2022-06-12
40,556,141,2022-11-28
41,53,63,2022-05-25
42,785,231,2022-05-26
43,491,242,2022-02-15
44,672,182,2022-02-14
45,994,202,2022-05-09
46,577,10,2022-02-20
47,248,212,2022-06-12
48,238,96,2022-09-12
49,63,35,2022-07-22
50,537,79,2022-04-02
51,130,209,2022-07-19
52,684,153,2022-04-26
53,709,104,2022-09-08
54,661,179,2022-12-03
55,917,206,2022-07-23
56,298,190,2022-05-30
57,529,174,2022-07-01
58,121,199,2022-02-21
59,643,214,2022-03-04
60,238,149,2022-05-09
61,517,122,2023-01-15
62,614,198,2022-04-30
63,588,49,2022-06-28
64,737,79,2022-12-05
65,911,246,2022-04-04
66,150,117,2022-03-23
67,304,12,2022-10-17
68,302,55,2022-11-19
69,447,103,2022-10-03
70,993,249,2022-10-01
71,816,196,2023-01-18
72,53,66,2022-07-31
73,957,141,2022-10-23
74,584,67,2022-02-25
75,571,100,2022-04-14
76,544,226,2022-04-20
77,755,54,2022-04-18
78,985,155,2022-05-07
79,943,213,2022-12-17
80,650,247,2022-10-06
81,322,165,2022-11-06
82,994,131,2022-04-24
83,4,4,2022-06-29
84,45,173,2022-10-05
85,716,195,2022-10-12
86,514,190,2022-07-01
87,673,81,2022-11-12
88,237,216,2022-06-20
89,723,202,2022-06-27
90,318,45,2022-11-27
91,759,216,2022-05-26
92,256,163,2022-06-21
93,140,167,2022-03-23
94,426,30,2022-05-12
95,828,68,2022-10-26
96,763,104,2022-05-07
97,510,226,2022-12-21
98,410,223,2022-08-13
99,930,248,2022-10-08
100,260,126,2022-06-15
101,745,43,2022-05-17
102,307,61,2023-01-24
103,667,3,2022-05-09
104,919,78,2022-08-05
105,226,186,2022-03-13
106,813,218,2022-11-27
107,593,79,2022-06-14
108,784,138,2023-01-24
109,780,4,2022-02-22
110,256,165,2022-05-31
111,954,41,2022-05-20
112,786,107,2022-02-22
113,825,81,2022-08-12
114,785,116,2022-06-27
115,928,204,2022-03-10
116,177,6,2022-07-27
117,273,11,2022-05-15
118,305,120,2022-07-01
119,563,70,2022-10-30
120,336,94,2022-06-09
121,671,76,2022-09-01
122,589,204,2022-07-05
123,9,169,2023-01-14
124,326,109,2022-02-11
125,959,219,2022-02-26
126,298,199,2022-10-04
127,203,226,2022-12-25
128,491,107,2022-12-09
129,999,139,2022-02-20
130,223,18,2022-07-17
131,24,6,2022-05-28
132,70,240,2022-03-22
133,993,85,2022-07-28
134,575,96,2022-06-07
135,883,26,2022-09-18
136,240,21,2022-11-26
137,372,246,2022-08-16
138,859,74,2022-10-15
139,909,68,2022-08-10
140,622,179,2022-06-01
141,345,157,2022-11-26
142,487,158,2022-11-01
143,405,127,2022-07-07
144,999,175,2022-02-10
145,633,186,2022-04-16
146,362,121,2022-10-26
147,486,190,2022-10-21
148,709,167,2022-10-24
149,382,109,2022-07-06
150,962,22,2022-07-05
151,735,145,2023-01-05
152,173,167,2022-10-10
153,771,47,2022-04-28
154,354,123,2022-03-31
155,875,53,2022-11-14
156,978,192,2022-07-24
157,453,97,2022-10-14
158,88,232,2022-10-07
159,764,98,2022-08-30
160,289,120,2022-11-30
161,497,166,2023-01-02
162,551,180,2022-07-08
163,613,48,2022-03-26
164,875,78,2022-08-14
165,607,204,2022-02-06
166,298,147,2022-03-09
167,242,6,2022-12-27
168,208,82,2022-06-18
169,512,97,2022-07-18
170,532,239,2022-03-02
171,429,156,2022-12-13
172,78,192,2022-04-23
173,84,73,2022-08-16
174,559,7,2022-06-18
175,55,202,2022-07-28
176,322,50,2022-08-27
177,41,66,2022-11-15
178,482,129,2022-12-07
179,919,180,2022-12-25
180,758,42,2022-03-04
181,885,60,2022-02-13
182,566,77,2022-11-13
183,365,174,2022-08-29
184,393,182,2022-02-23
185,89,184,2022-05-11
186,447,245,2022-08-27
187,273,95,2022-09-30
188,344,186,2022-06-12
189,180,20,2022-07-05
190,807,178,2022-03-27
191,635,68,2022-06-01
192,64,244,2022-03-18
193,430,16,2022-09-22
194,487,223,2022-04-02
195,933,177,2022-06-27
196,628,3,2022-02-18
197,818,4,2022-06-13
198,300,65,2022-10-16
199,558,213,2022-04-21
200,887,51,2022-06-25
201,183,79,2022-02-28
202,154,208,2022-03-05
203,447,220,2022-10-28
204,636,181,2022-04-08
205,458,107,2022-03-21
206,915,44,2022-12-29
207,590,81,2022-08-16
208,822,230,2022-09-30
209,687,4,2022-06-23
210,185,105,2022-06-25
211,696,215,2022-02-28
212,789,197,2022-02-24
213,302,72,2022-07-21
214,679,213,2022-05-22
215,614,177,2022-04-01
216,975,215,2022-07-19
217,477,194,2022-08-26
218,297,105,2022-05-09
219,361,17,2022-11-23
220,412,75,2022-05-16
221,140,245,2022-02-05
222,247,133,2022-11-16
223,205,72,2022-04-21
224,696,151,2022-04-28
225,172,88,2022-07-03
226,882,183,2022-10-14
227,137,186,2022-11-22
228,630,196,2022-05-30
229,223,107,2022-07-14
230,404,60,2022-12-13
231,805,240,2022-12-10
232,232,99,2022-06-19
233,560,219,2022-12-29
234,230,182,2022-07-12
235,399,197,2022-02-15
236,270,228,2022-02-16
237,525,198,2022-09-06
238,939,11,2022-08-25
239,560,18,2022-10-15
240,699,1,2022-02-14
241,694,117,2022-03-31
242,722,243,2022-11-02
243,123,22,2022-12-15
244,117,6,2022-10-14
245,533,65,2022-11-15
246,3,20,2023-01-04
247,481,79,2022-10-14
248,838,140,2022-10-11
249,90,181,2022-09-16
250,345,13,2022-02-07
251,922,45,2022-03-15
252,206,83,2022-10-23
253,791,106,2022-02-24
254,937,61,2022-02-25
255,864,28,2022-05-02
256,936,140,2022-05-19
257,516,111,2022-03-13
258,895,227,2022-03-26
259,444,141,2022-06-19
260,683,231,2022-03-22
261,936,49,2023-01-08
262,828,143,2022-12-15
263,575,63,2022-08-16
264,940,234,2022-07-02
265,357,167,2022-04-10
266,574,88,2022-02-18
267,401,80,2022-11-03
268,466,127,2022-04-05
269,95,158,2022-12-30
270,187,14,2022-10-22
271,86,91,2022-06-10
272,309,244,2023-01-24
273,338,134,2022-04-10
274,641,94,2022-11-15
275,242,118,2022-02-08
276,633,225,2022-08-06
277,612,73,2022-10-16
278,999,123,2022-05-01
279,171,28,2022-03-29
280,359,31,2022-12-28
281,460,148,2022-07-31
282,960,243,2022-09-05
283,106,242,2022-06-05
284,513,3,2022-06-30
285,91,200,2022-02-12
286,486,96,2023-01-03
287,849,135,2022-03-27
288,773,68,2022-08-13
289,951,119,2022-07-12
290,71,51,2022-03-09
291,209,147,2022-11-06
292,570,236,2022-04-22
293,552,99,2022-07-27
294,510,246,2022-02-15
295,745,108,2022-08-05
296,902,234,2022-05-23
297,890,143,2022-07-03
298,771,188,2022-10-19
299,95,103,2022-02-24
300,2,135,2022-03-15
301,704,134,2022-05-11
302,634,83,2022-08-11
303,547,59,2022-03-22
304,838,7,2022-12-28
305,481,241,2022-09-14
306,510,46,2022-04-05
307,393,39,2023-02-01
308,327,30,2022-03-15
309,919,74,2022-07-28
310,387,243,2022-08-12
311,380,42,2022-04-07
312,265,199,2022-02-27
313,941,236,2022-12-17
314,207,26,2022-11-19
315,663,212,2022-11-12
316,789,55,2022-03-15
317,490,49,2022-09-24
318,360,103,2022-11-16
319,617,109,2023-01-18
320,732,14,2022-09-26
321,19,146,2022-04-05
322,831,199,2022-08-28
323,279,46,2022-05-16
324,980,241,2022-07-22
325,618,88,2022-11-13
326,934,49,2022-07-06
327,556,65,2022-08-21
328,724,3,2022-06-21
329,551,180,2022-02-12
330,74,89,2022-06-09
331,850,9,2022-04-13
332,681,47,2022-12-15
333,620,84,2022-06-23
334,733,32,2022-10-06
335,820,22,2023-01-17
336,400,58,2022-11-20
337,221,239,2023-01-29
338,547,90,2022-10-29
339,147,147,2023-01-07
340,308,157,2022-03-22
341,775,195,2022-11-05
342,449,90,2022-05-01
343,290,89,2022-12-31
344,398,164,2022-10-15
345,447,121,2022-02-28
346,354,72,2022-03-13
347,241,245,2022-05-14
348,206,231,2022-06-23
349,121,66,2022-03-22
350,873,145,2022-07-17
351,97,46,2022-10-16
352,265,98,2022-04-12
353,866,242,2022-06-05
354,641,201,2022-06-23
355,976,95,2022-06-03
356,230,218,2022-09-24
357,963,103,2022-05-19
358,388,49,2022-02-14
359,264,188,2022-07-25
360,236,126,2023-01-16
361,895,1,2022-08-14
362,413,228,2022-04-06
363,472,172,2022-04-13
364,632,169,2022-11-07
365,183,170,2022-03-07
366,150,107,2022-09-26
367,455,54,2022-02-04
368,536,56,2022-09-30
369,73,99,2022-04-05
370,239,234,2022-10-15
371,692,90,2022-11-17
372,584,89,2022-04-25
373,954,145,2022-04-01
374,732,54,2022-10-18
375,241,146,2022-04-20
376,592,23,2022-08-08
377,693,178,2022-05-17
378,530,93,2022-05-02
379,974,167,2022-07-26
380,787,70,2022-03-21
381,174,151,2022-07-25
382,406,40,2022-08-08
383,290,43,2022-04-20
384,128,95,2022-09-27
385,44,64,2022-08-21
386,909,103,2022-02-12
387,147,195,2022-04-08
388,513,73,2022-02-08
389,258,19,2022-05-09
390,457,212,2022-08-18
391,490,26,2022-04-30
392,876,211,2022-11-14
393,986,108,2022-05-05
394,743,155,2022-03-21
395,231,91,2022-12-29
396,673,184,2022-08-03
397,192,100,2022-12-03
398,247,155,2022-06-17
399,925,50,2022-03-30
400,619,18,2023-01-14
401,914,140,2022-10-12
402,78,15,2022-09-10
403,361,149,2022-09-10
404,645,199,2022-05-29
405,256,247,2022-03-29
406,701,72,2022-05-22
407,504,222,2022-10-11
408,127,81,2022-02-15
409,172,249,2023-01-25
410,381,126,2022-09-06
411,619,116,2022-09-09
412,844,224,2022-08-17
413,125,154,2022-03-18
414,262,21,2022-11-06
415,871,170,2023-01-10
416,159,4,2022-08-05
417,685,183,2022-10-22
418,415,78,2022-05-21
419,744,10,2022-08-18
420,357,226,2022-11-01
421,316,148,2022-03-09
422,675,56,2022-02-16
423,935,242,2022-03-05
424,608,153,2022-03-22
425,261,80,2022-07-31
426,161,168,2022-05-08
427,341,164,2022-10-18
428,918,150,2022-08-16
429,806,61,2022-12-31
430,248,46,2022-08-13
431,918,48,2022-12-10
432,134,125,2022-11-20
433,778,188,2022-08-19
434,668,73,2022-12-18
435,559,247,2022-03-19
436,731,122,2022-09-28
437,721,196,2022-03-16
438,941,144,2022-02-07
439,973,3,2022-04-01
440,254,150,2022-11-14
441,141,28,2023-01-28
442,99,188,2022-07-24
443,903,202,2022-02-08
444,24,16,2022-06-04
445,697,121,2022-11-13
446,312,217,2023-01-31
447,441,115,2022-06-09
448,616,101,2022-03-06
449,333,32,2022-04-09
450,825,123,2022-06-23
451,369,166,2022-03-04
452,902,99,2022-07-24
453,551,175,2022-04-06
454,848,206,2022-03-14
455,894,151,2022-04-07
456,356,127,2022-09-01
457,415,139,2022-12-08
458,821,92,2022-09-24
459,631,51,2022-03-29
460,290,195,2022-02-16
461,518,127,2022-06-30
462,736,47,2022-07-23
463,689,197,2022-11-18
464,660,201,2022-06-12
465,507,19,2022-03-30
466,826,172,2022-11-26
467,573,57,2022-09-04
468,293,121,2022-03-31
469,791,150,2022-08-12
470,84,44,2022-05-30
471,627,244,2022-03-25
472,491,85,2022-09-26
473,448,53,2022-05-25
474,373,42,2022-03-04
475,112,145,2022-07-09
476,597,153,2022-08-18
477,340,18,2022-02-13
478,550,204,2022-10-21
479,994,164,2022-05-30
480,959,36,2022-12-27
481,775,209,2022-03-30
482,46,23,2022-02-27
483,837,54,2022-10-13
484,687,68,2022-05-02
485,920,90,2022-11-07
486,351,46,2022-07-20
487,52,195,2022-10-09
488,432,14,2022-07-12
489,121,6,2022-10-13
490,610,147,2022-08-19
491,786,82,2023-01-20
492,391,30,2022-04-17
493,702,16,2022-05-10
494,643,184,2022-11-06
495,190,97,2022-08-14
496,252,239,2023-01-22
497,311,16,2022-12-17
498,831,177,2022-07-01
499,809,19,2022-06-06
500,603,24,2022-04-22
501,744,85,2022-04-19
502,463,196,2022-08-23
503,96,168,2022-06-02
504,830,87,2022-12-15
505,926,30,2022-10-26
506,893,103,2022-03-07
507,82,159,2022-05-01
508,567,94,2023-01-09
509,517,19,2022-04-08
510,495,245,2022-05-13
511,483,3,2022-11-28
512,808,169,2022-09-14
513,678,36,2022-12-24
514,319,88,2022-07-06
515,898,199,2023-01-26
516,54,205,2023-01-22
517,245,200,2022-12-04
518,245,16,2022-05-12
519,156,201,2022-12-13
520,860,103,2023-01-19
521,387,188,2022-10-02
522,506,158,2022-09-22
523,64,234,2022-03-14
524,786,227,2022-04-12
525,565,207,2022-08-16
526,810,108,2022-05-02
527,363,82,2022-02-28
528,526,175,2022-03-23
529,894,62,2022-09-26
530,833,192,2022-02-15
531,656,230,2023-01-17
532,596,82,2022-07-11
533,627,35,2022-02-18
534,594,117,2022-05-21
535,123,41,2022-07-04
536,361,105,2022-05-16
537,763,148,2022-04-28
538,638,104,2022-03-09
539,891,84,2022-12-13
540,119,214,2022-12-25
541,471,150,2022-10-17
542,964,85,2022-12-10
543,425,102,2022-10-19
544,284,111,2022-08-12
545,363,24,2022-10-08
546,719,161,2022-07-08
547,151,138,2022-02-12
548,478,182,2022-05-15
549,135,142,2022-07-22
550,662,30,2022-03-21
551,681,197,2022-04-26
552,979,157,2022-04-08
553,154,132,2022-02-04
554,128,22,2022-02-11
555,740,187,2022-10-29
556,911,97,2023-01-22
557,178,104,2022-05-19
558,518,28,2022-03-12
559,484,144,2022-12-19
560,259,157,2023-01-15
561,464,3,2022-12-12
562,649,182,2022-12-03
563,797,122,2022-12-04
564,632,197,2022-02-24
565,248,219,2022-08-23
566,699,246,2022-08-14
567,945,229,2022-02-14
568,406,96,2022-09-22
569,445,191,2022-10-30
570,111,133,2022-02-08
571,341,73,2022-06-12
572,42,1,2022-08-20
573,885,95,2022-08-18
574,35,246,2022-02-05
575,635,118,2022-05-20
576,693,25,2022-02-04
577,176,203,2022-04-01
578,554,99,2022-02-23
579,771,244,2022-04-13
580,795,243,2022-09-25
581,425,4,2022-10-27
582,44,24,2022-03-28
583,297,57,2022-07-25
584,216,41,2022-11-11
585,56,191,2022-02-17
586,847,126,2022-07-01
587,698,140,2023-01-18
588,354,172,2022-05-20
589,301,205,2022-11-23
590,827,16,2022-02-25
591,436,19,2022-12-30
592,677,248,2022-11-12
593,248,177,2022-12-07
594,992,145,2022-07-08
595,377,162,2022-02-19
596,233,189,2022-04-03
597,637,186,2022-02-15
598,218,94,2022-07-16
599,311,136,2023-01-21
600,327,167,2022-05-04
601,831,161,2022-07-22
602,366,239,2022-09-04
603,899,113,2022-03-06
604,177,246,2022-08-10
605,93,2,2022-09-29
606,611,66,2022-02-24
607,326,64,2023-01-04
608,759,164,2022-10-04
609,633,176,2022-03-13
610,934,130,2022-05-22
611,122,222,2023-01-03
612,718,69,2022-11-13
613,420,122,2022-09-05
614,783,57,2022-07-17
615,262,42,2022-06-29
616,525,124,2023-01-23
617,78,111,2022-05-01
618,57,72,2022-05-17
619,89,144,2022-09-08
620,292,96,2022-07-08
621,726,190,2022-07-15
622,132,134,2022-05-27
623,57,53,2022-08-02
624,78,125,2022-08-15
625,101,115,2022-05-06
626,196,32,2022-12-03
627,987,53,2022-11-13
628,627,248,2022-06-13
629,10,157,2023-01-20
630,536,185,2022-02-21
631,710,28,2022-12-26
632,277,29,2023-01-11
633,917,230,2022-05-03
634,785,151,2022-11-29
635,993,10,2023-01-17
636,638,94,2022-04-09
637,227,216,2022-02-04
638,288,102,2022-11-13
639,106,37,2022-02-10
640,552,38,2022-06-06
641,967,112,2023-01-15
642,995,9,2022-08-31
643,11,110,2022-09-03
644,23,1,2023-02-02
645,233,123,2023-01-26
646,678,42,2022-06-12
647,650,78,2022-11-28
648,319,13,2022-12-01
649,163,178,2022-07-13
650,484,142,2022-10-08
651,501,129,2022-02-07
652,827,162,2022-04-05
653,835,58,2022-11-28
654,250,236,2022-04-20
655,113,3,2022-09-25
656,329,40,2022-07-22
657,543,101,2022-05-18
658,986,186,2022-05-02
659,855,18,2022-03-31
660,710,64,2022-09-16
661,595,119,2022-02-23
662,644,164,2023-01-03
663,322,22,2022-06-04
664,11,110,2022-03-17
665,412,215,2022-03-27
666,733,121,2022-11-12
667,506,92,2022-10-16
668,878,90,2022-04-18
669,67,140,2023-01-02
670,233,69,2022-02-12
671,461,133,2022-04-17
672,816,57,2022-12-29
673,387,101,2022-07-13
674,280,26,2022-11-25
675,222,222,2022-11-16
676,559,219,2022-05-13
677,186,44,2022-03-07
678,169,224,2022-07-30
679,307,217,2022-05-10
680,667,49,2022-05-12
681,608,26,2022-05-05
682,166,160,2023-01-07
683,748,47,2022-09-27
684,508,145,2022-12-18
685,888,46,2022-06-20
686,182,69,2022-07-05
687,291,244,2023-01-18
688,366,216,2022-11-20
689,66,128,2022-06-19
690,637,11,2022-12-05
691,632,121,2022-09-23
692,193,35,2023-01-12
693,255,18,2022-10-04
694,4,114,2022-06-16
695,222,174,2022-05-19
696,456,207,2022-06-25
697,905,37,2022-08-30
698,296,2,2022-09-17
699,343,33,2022-05-26
700,225,178,2022-02-07
701,704,81,2023-01-03
702,928,31,2022-06-27
703,844,133,2023-01-06
704,695,225,2022-06-18
705,968,207,2022-06-27
706,499,240,2022-06-21
707,283,39,2022-08-21
708,558,112,2022-05-08
709,729,109,2022-03-15
710,565,182,2022-12-04
711,72,224,2023-01-26
712,696,82,2022-06-29
713,620,42,2022-07-23
714,582,204,2022-07-26
715,802,242,2022-04-25
716,372,171,2022-07-14
717,760,9,2022-08-12
718,390,133,2023-02-03
719,181,173,2023-01-19
720,534,227,2022-11-01
721,607,229,2022-09-30
722,667,25,2022-10-09
723,72,100,2022-05-28
724,38,67,2022-05-07
725,928,150,2022-07-12
726,8,60,2022-05-29
727,102,70,2022-09-19
728,426,222,2022-04-26
729,646,106,2022-05-03
730,922,78,2022-12-03
731,239,43,2022-04-24
732,798,181,2022-03-08
733,738,140,2022-09-08
734,105,58,2022-08-21
735,245,39,2022-06-06
736,650,145,2022-05-15
737,823,73,2022-11-27
738,346,215,2022-11-27
739,228,30,2022-06-20
740,175,229,2022-09-11
741,256,218,2023-01-14
742,729,134,2022-02-26
743,562,220,2022-03-05
744,972,55,2022-03-27
745,760,206,2022-09-13
746,5,167,2022-08-17
747,651,228,2022-09-24
748,750,87,2022-12-24
749,455,204,2022-07-22
750,115,238,2022-05-07
751,760,93,2022-10-30
752,486,84,2022-03-26
753,564,14,2022-11-30
754,971,116,2022-07-21
755,833,86,2022-03-08
756,913,232,2022-09-05
757,555,98,2022-09-22
758,331,123,2023-01-18
759,557,50,2022-06-15
760,723,54,2022-07-24
761,448,247,2022-06-28
762,184,22,2022-08-18
763,696,217,2022-03-04
764,281,26,2022-03-02
765,349,99,2022-10-13
766,136,100,2022-11-24
767,345,85,2022-12-30
768,521,248,2022-04-24
769,712,41,2023-01-04
770,691,221,2023-01-15
771,141,223,2022-08-10
772,957,22,2022-05-23
773,634,178,2022-10-14
774,375,224,2022-08-20
775,211,51,2022-07-24
776,36,186,2022-09-23
777,540,172,2022-08-28
778,826,189,2022-08-25
779,368,162,2022-06-30
780,226,215,2022-03-01
781,705,176,2022-03-04
782,607,241,2022-04-28
783,945,123,2022-06-02
784,639,59,2023-01-13
785,510,235,2023-01-24
786,350,236,2022-06-28
787,603,225,2022-03-01
788,205,191,2022-08-01
789,211,46,2022-12-26
790,220,119,2022-05-10
791,635,83,2022-12-05
792,226,110,2022-04-14
793,575,228,2023-01-17
794,640,97,2023-01-06
795,314,232,2022-08-17
796,355,126,2022-11-28
797,937,203,2022-09-16
798,35,230,2022-05-01
799,479,140,2022-10-07
800,54,226,2022-03-01
801,378,15,2022-08-15
802,466,128,2022-06-27
803,716,168,2022-08-18
804,536,129,2022-07-29
805,892,207,2022-11-14
806,328,210,2022-12-23
807,342,79,2023-02-01
808,324,18,2022-10-24
809,796,2,2022-09-04
810,973,226,2022-09-09
811,243,6,2022-02-27
812,910,4,2022-04-10
813,582,60,2022-12-15
814,162,78,2022-11-04
815,694,242,2022-07-20
816,999,189,2022-05-24
817,635,115,2022-08-10
818,415,152,2022-02-14
819,628,179,2022-10-26
820,513,36,2022-10-11
821,111,173,2022-04-08
822,792,249,2022-07-13
823,669,141,2022-02-13
824,342,131,2022-07-08
825,902,19,2022-04-23
826,103,34,2022-05-13
827,830,171,2022-10-09
828,53,93,2022-06-02
829,942,15,2022-10-15
830,939,215,2022-09-12
831,383,245,2022-03-17
832,266,148,2022-03-02
833,619,98,2022-02-14
834,806,181,2022-08-12
835,151,194,2022-09-12
836,827,110,2022-05-28
837,757,121,2023-01-20
838,749,121,2022-09-04
839,991,30,2022-08-16
840,907,106,2022-02-18
841,919,104,2022-04-17
842,131,23,2023-01-07
843,90,210,2022-08-12
844,230,223,2023-01-17
845,622,19,2022-05-13
846,828,62,2022-07-27
847,644,248,2022-03-25
848,19,49,2022-02-15
849,775,114,2022-07-31
850,193,93,2022-09-01
851,846,96,2022-07-19
852,196,196,2022-08-09
853,930,71,2022-04-17
854,409,122,2022-09-25
855,466,227,2022-11-17
856,890,73,2022-12-24
857,72,75,2022-11-26
858,755,221,2022-04-22
859,677,116,2022-06-10
860,538,249,2022-05-26
861,335,57,2022-04-29
862,426,166,2022-05-26
863,587,242,2022-04-24
864,415,60,2022-09-11
865,621,119,2023-01-26
866,698,190,2023-01-19
867,54,26,2022-02-10
868,705,26,2022-11-01
869,112,224,2022-05-14
870,183,101,2022-07-18
871,768,17,2022-03-01
872,1,117,2022-04-15
873,652,186,2022-08-17
874,182,169,2022-03-17
875,367,111,2022-04-30
876,427,130,2022-08-26
877,230,201,2022-05-26
878,653,236,2022-03-23
879,791,180,2023-01-06
880,441,133,2022-09-11
881,952,218,2022-12-14
882,602,191,2022-11-16
883,494,118,2022-03-20
884,652,57,2022-06-28
885,348,1,2022-10-07
886,791,34,2022-10-21
887,246,92,2022-12-20
888,237,226,2022-08-30
889,769,149,2022-09-23
890,464,1,2023-02-02
891,308,8,2022-04-17
892,674,14,2022-04-10
893,805,26,2022-05-04
894,175,2,2022-05-14
895,891,158,2022-03-14
896,582,19,2022-03-08
897,384,196,2023-02-03
898,450,170,2022-02-11
899,441,163,2022-06-10
900,177,87,2022-09-06
901,8,156,2022-08-12
902,587,6,2022-12-16
903,93,71,2022-11-16
904,85,154,2022-02-28
905,456,119,2022-03-06
906,150,13,2022-10-18
907,340,139,2022-10-09
908,240,184,2022-11-05
909,772,215,2023-01-23
910,246,233,2022-12-15
911,982,233,2022-09-11
912,792,238,2022-05-10
913,14,164,2022-08-06
914,157,98,2022-05-14
915,866,49,2022-07-09
916,347,55,2022-08-23
917,584,181,2022-07-16
918,498,249,2022-09-20
919,720,36,2022-08-19
920,265,13,2022-05-16
921,109,223,2023-01-08
922,972,5,2022-06-26
923,236,202,2022-05-17
924,68,22,2022-10-20
925,875,189,2022-06-23
926,905,30,2022-06-14
927,654,7,2022-06-18
928,830,223,2023-02-02
929,655,223,2022-06-05
930,229,63,2022-12-20
931,488,21,2022-09-11
932,968,145,2022-09-22
933,94,84,2022-07-28
934,566,127,2022-06-22
935,746,185,2022-12-21
936,189,11,2022-06-20
937,128,175,2022-10-18
938,879,27,2022-04-01
939,67,233,2022-05-27
940,596,120,2023-01-22
941,462,2,2022-03-22
942,367,12,2022-07-04
943,433,243,2022-03-28
944,108,176,2022-11-19
945,132,179,2022-08-26
946,360,15,2022-04-20
947,27,83,2022-12-27
948,365,131,2022-09-11
949,916,228,2023-01-10
950,382,114,2022-08-03
951,212,154,2022-06-23
952,349,167,2022-04-18
953,388,11,2022-09-07
954,164,70,2022-05-14
955,89,234,2022-12-02
956,899,118,2022-12-30
957,87,50,2022-04-14
958,337,119,2022-06-19
959,999,195,2022-09-27
960,891,101,2022-04-16
961,533,238,2022-02-15
962,382,5,2022-12-30
963,561,61,2022-06-27
964,357,138,2022-09-08
965,60,13,2022-10-17
966,394,47,2022-03-17
967,281,158,2022-12-14
968,530,41,2023-01-05
969,284,148,2022-04-22
970,313,131,2022-08-25
971,592,169,2022-12-04
972,279,203,2022-06-16
973,371,203,2022-10-27
974,209,195,2022-04-04
975,626,94,2022-04-14
976,213,130,2022-05-22
977,872,52,2022-07-29
978,110,242,2022-12-05
979,842,98,2022-02-17
980,530,111,2022-09-09
981,449,198,2022-09-27
982,216,231,2022-08-16
983,224,249,2022-09-01
984,264,88,2022-04-12
985,998,13,2022-06-22
986,378,228,2023-01-12
987,788,73,2022-08-13
988,607,242,2023-01-02
989,197,25,2022-05-23
990,84,61,2022-10-17
991,695,143,2022-08-28
992,592,98,2022-08-04
993,706,81,2023-02-03
994,717,56,2022-11-07
995,764,187,2022-07-15
996,217,124,2022-09-01
997,978,63,2022-08-30
998,203,33,2022-11-19
999,572,167,2022-04-15
1000,632,75,2022-09-13
1001,679,171,2022-06-01
1002,642,51,2022-08-08
1003,535,5,2022-08-28
1004,577,123,2022-08-06
1005,659,113,2022-10-20
1006,123,169,2022-10-26
1007,803,1,2022-04-30
1008,890,184,2022-11-29
1009,668,56,2023-01-12
1010,519,118,2022-12-02
1011,189,71,2022-09-15
1012,737,241,2022-06-28
1013,425,149,2022-06-06
1014,207,14,2022-09-26
1015,422,231,2022-11-04
1016,952,151,2022-07-02
1017,687,209,2022-05-30
1018,544,200,2022-04-30
1019,588,141,2023-01-14
1020,348,92,2022-12-03
1021,864,10,2022-10-08
1022,318,170,2022-08-04
1023,973,140,2023-01-22
1024,807,39,2022-02-16
1025,220,171,2023-01-06
1026,279,209,2022-07-05
1027,741,118,2022-09-05
1028,511,230,2023-01-25
1029,633,129,2022-04-26
1030,725,109,2023-01-27
1031,452,85,2022-09-12
1032,558,51,2022-02-16
1033,27,129,2022-05-07
1034,531,76,2022-09-09
1035,660,182,2022-05-13
1036,510,79,2022-03-05
1037,75,123,2022-03-16
1038,665,83,2022-06-27
1039,560,17,2022-07-06
1040,583,59,2022-11-28
1041,876,61,2022-04-25
1042,616,229,2022-08-16
1043,525,145,2022-03-21
1044,762,223,2023-01-10
1045,899,166,2022-05-22
1046,586,71,2022-02-26
1047,590,189,2022-08-29
1048,60,239,2022-05-10
1049,602,195,2023-01-17
1050,267,208,2022-07-26
1051,110,219,2023-01-13
1052,540,111,2022-09-20
1053,694,170,2022-12-06
1054,33,227,2023-01-05
1055,804,120,2022-09-09
1056,569,233,2022-04-14
1057,929,43,2022-12-21
1058,82,114,2022-08-26
1059,348,31,2022-05-15
1060,310,213,2023-02-03
1061,122,171,2022-12-21
1062,187,63,2022-06-19
1063,217,183,2022-04-18
1064,104,108,2023-01-14
1065,199,86,2022-06-17
1066,977,25,2022-05-17
1067,288,174,2023-01-08
1068,433,105,2022-09-15
1069,243,199,2022-10-21
1070,347,144,2022-06-23
1071,18,170,2022-10-26
1072,211,7,2023-01-27
1073,950,66,2022-05-02
1074,524,59,2022-10-20
1075,731,40,2022-07-30
1076,973,244,2022-12-15
1077,57,154,2022-05-28
1078,482,108,2022-07-04
1079,911,205,2022-02-04
1080,824,159,2022-07-27
1081,947,101,2022-08-02
1082,165,53,2022-09-13
1083,852,216,2022-08-08
1084,39,99,2022-04-27
1085,767,219,2022-04-10
1086,608,33,2022-11-16
1087,184,170,2022-05-18
1088,543,83,2023-01-04
1089,350,34,2022-04-13
1090,187,140,2022-07-29
1091,894,227,2022-05-02
1092,131,175,2022-04-18
1093,348,50,2022-04-10
1094,601,108,2022-04-16
1095,635,136,2022-08-13
1096,988,137,2022-07-23
1097,759,44,2023-01-12
1098,610,37,2022-11-22
1099,40,200,2022-09-09
1100,30,181,2022-11-01
1101,601,33,2022-04-21
1102,545,28,2022-08-08
1103,606,182,2022-10-22
1104,22,134,2022-04-22
1105,230,143,2022-06-24
1106,625,236,2022-06-08
1107,384,5,2022-04-01
1108,923,130,2023-01-11
1109,456,243,2022-06-08
1110,63,219,2022-05-13
1111,385,2,2022-06-18
1112,106,21,2022-11-19
1113,443,78,2022-06-16
1114,193,32,2022-11-21
1115,800,152,2022-09-01
1116,624,101,2022-12-26
1117,469,37,2022-03-26
1118,544,61,2022-09-14
1119,367,52,2022-09-07
1120,765,80,2022-03-14
1121,971,239,2022-05-25
1122,760,124,2022-06-26
1123,391,105,2022-04-09
1124,145,178,2022-10-22
1125,787,73,2023-01-23
1126,982,195,2022-05-19
1127,593,112,2023-01-22
1128,987,233,2022-06-12
1129,810,81,2022-07-16
1130,614,131,2022-10-11
1131,30,179,2022-12-06
1132,896,130,2022-10-12
1133,444,156,2023-02-01
1134,144,16,2022-11-21
1135,410,152,2023-01-14
1136,503,156,2022-08-16
1137,706,66,2022-04-22
1138,376,201,2023-01-12
1139,222,13,2022-10-28
1140,935,60,2022-04-08
1141,757,11,2022-07-10
1142,669,22,2022-04-27
1143,218,20,2022-06-29
1144,951,218,2022-11-30
1145,970,142,2022-02-13
1146,441,152,2023-01-28
1147,235,149,2022-04-24
1148,645,60,2022-04-04
1149,515,115,2022-04-23
1150,155,147,2022-05-15
1151,169,96,2022-02-19
1152,554,39,2022-08-12
1153,588,174,2022-06-15
1154,360,216,2022-02-13
1155,22,56,2022-03-23
1156,911,154,2022-03-10
1157,618,82,2022-06-15
1158,420,223,2022-03-18
1159,952,180,2022-03-08
1160,2,131,2022-03-28
1161,272,140,2022-12-15
1162,295,116,2022-10-10
1163,284,181,2022-02-08
1164,647,218,2022-09-09
1165,474,111,2022-06-24
1166,932,14,2022-10-06
1167,127,82,2022-12-21
1168,368,126,2022-10-19
1169,873,180,2022-10-13
1170,643,142,2022-08-31
1171,227,118,2023-01-20
1172,266,145,2023-01-16
1173,45,72,2022-07-21
1174,422,226,2022-05-04
1175,244,17,2023-01-22
1176,952,210,2023-01-23
1177,693,179,2022-12-05
1178,847,166,2022-11-10
1179,959,44,2022-10-05
1180,342,246,2022-08-22
1181,371,167,2022-08-22
1182,773,70,2022-02-14
1183,86,36,2022-08-20
1184,502,138,2022-12-14
1185,429,160,2022-06-16
1186,133,2,2022-03-29
1187,268,154,2022-08-27
1188,810,225,2022-02-22
1189,826,136,2022-10-16
1190,923,217,2022-04-10
1191,747,51,2022-07-23
1192,600,87,2022-08-29
1193,789,81,2022-11-01
1194,91,129,2022-03-09
1195,599,119,2022-04-20
1196,764,140,2022-03-01
1197,7,126,2022-04-25
1198,454,70,2022-09-19
1199,936,22,2022-12-24
1200,761,54,2022-07-06
1201,389,191,2022-03-23
1202,313,14,2022-08-19
1203,270,180,2022-02-21
1204,131,197,2022-02-14
1205,554,137,2022-04-03
1206,678,197,2023-01-17
1207,959,129,2022-10-04
1208,319,231,2022-10-09
1209,548,46,2022-08-05
1210,176,87,2022-04-26
1211,233,227,2022-02-21
1212,618,123,2022-06-21
1213,183,5,2022-03-02
1214,113,132,2022-06-14
1215,712,208,2022-10-31
1216,148,102,2022-04-21
1217,404,31,2022-11-09
1218,198,43,2022-09-16
1219,643,108,2022-09-19
1220,868,130,2022-06-15
1221,543,1,2022-04-06
1222,821,102,2022-09-09
1223,928,170,2022-07-23
1224,233,64,2022-02-06
1225,957,95,2022-02-10
1226,175,92,2023-01-12
1227,605,103,2023-01-23
1228,907,174,2022-03-02
1229,943,5,2022-11-09
1230,91,195,2022-07-19
1231,786,79,2022-06-25
1232,285,148,2022-09-02
1233,993,7,2023-02-02
1234,912,178,2022-12-05
1235,839,40,2022-11-09
1236,542,153,2022-06-11
1237,496,247,2022-03-20
1238,820,103,2022-05-28
1239,434,249,2022-05-21
1240,440,17,2022-06-15
1241,891,192,2022-03-01
1242,342,43,2022-02-26
1243,569,160,2022-12-01
1244,43,176,2023-02-02
1245,644,211,2022-08-31
1246,798,145,2022-09-22
1247,565,26,2022-08-20
1248,673,226,2023-01-04
1249,398,237,2022-12-26
1250,62,235,2022-11-22
1251,790,16,2022-07-25
1252,882,64,2022-10-09
1253,630,92,2022-08-22
1254,401,17,2022-09-07
1255,702,231,2022-03-05
1256,719,117,2022-08-06
1257,399,9,2022-12-25
1258,443,22,2022-05-27
1259,504,63,2023-01-19
1260,954,175,2022-04-18
1261,31,230,2022-03-05
1262,592,193,2022-06-10
1263,947,51,2022-10-29
1264,739,220,2022-03-31
1265,39,225,2022-06-20
1266,139,152,2022-02-10
1267,186,228,2023-01-11
1268,698,84,2022-11-08
1269,754,222,2022-04-20
1270,772,191,2022-06-06
1271,716,249,2022-07-17
1272,502,232,2022-09-27
1273,118,101,2022-09-28
1274,758,82,2022-05-28
1275,659,62,2022-07-23
1276,395,106,2022-05-06
1277,466,173,2022-05-26
1278,511,246,2022-02-26
1279,641,198,2023-01-25
1280,826,198,2022-12-13
1281,858,210,2022-09-18
1282,856,98,2022-05-24
1283,901,42,2022-04-22
1284,244,46,2022-08-26
1285,683,16,2022-07-28
1286,388,136,2022-12-19
1287,23,36,2022-11-01
1288,749,168,2022-08-29
1289,377,179,2022-02-20
1290,347,13,2022-01-01
1291,610,64,2022-07-15
1292,994,246,2022-10-19
1293,434,50,2022-12-04
1294,410,108,2022-02-16
1295,141,178,2022-07-28
1296,919,212,2022-10-18
1297,547,206,2023-01-22
1298,94,228,2022-07-10
1299,275,239,2022-10-11
1300,891,129,2022-07-25
1301,548,21,2022-03-07
1302,10,10,2022-07-31
1303,889,168,2022-10-26
1304,849,80,2022-04-06
1305,213,189,2022-08-19
1306,783,215,2022-02-22
1307,743,141,2022-08-06
1308,714,194,2022-09-04
1309,635,69,2022-06-11
1310,15,244,2022-08-12
1311,352,53,2022-02-09
1312,474,168,2022-06-14
1313,472,153,2022-02-19
1314,502,218,2022-09-09
1315,571,214,2022-07-13
1316,969,66,2022-12-22
1317,712,170,2022-06-10
1318,610,129,2022-09-09
1319,764,168,2022-09-19
1320,561,121,2022-11-13
1321,159,101,2022-10-25
1322,527,62,2022-05-28
1323,643,22,2022-06-13
1324,8,171,2022-06-01
1325,843,232,2022-11-16
1326,77,208,2022-06-22
1327,145,95,2023-01-27
1328,179,40,2022-05-06
1329,555,230,2022-06-15
1330,83,198,2022-11-25
1331,93,68,2022-09-01
1332,76,113,2022-12-17
1333,802,235,2022-05-18
1334,91,147,2023-01-05
1335,880,51,2023-01-06
1336,406,149,2023-01-08
1337,360,171,2022-07-14
1338,416,220,2022-07-10
1339,412,217,2022-10-12
1340,440,171,2023-01-25
1341,548,163,2022-02-19
1342,480,98,2022-08-04
1343,136,234,2022-07-18
1344,379,83,2022-10-19
1345,673,8,2022-05-21
1346,907,180,2022-04-21
1347,591,197,2022-07-20
1348,851,10,2022-09-18
1349,698,3,2022-06-21
1350,192,142,2022-06-05
1351,197,31,2022-11-26
1352,404,155,2022-11-20
1353,846,134,2022-10-09
1354,628,38,2022-02-08
1355,442,1,2022-09-17
1356,21,65,2022-05-25
1357,939,161,2022-06-05
1358,965,40,2022-11-07
1359,451,158,2022-12-12
1360,414,128,2022-06-14
1361,176,177,2022-03-29
1362,498,56,2022-09-30
1363,474,63,2023-01-15
1364,694,147,2022-09-07
1365,651,219,2022-03-19
1366,134,216,2022-02-28
1367,48,143,2022-09-08
1368,718,182,2022-08-06
1369,280,193,2023-01-26
1370,830,152,2023-01-10
1371,603,33,2023-01-28
1372,875,203,2022-10-26
1373,641,36,2022-04-17
1374,367,54,2022-02-08
1375,512,234,2022-04-20
1376,729,33,2022-09-27
1377,230,111,2022-11-03
1378,645,44,2022-07-26
1379,566,222,2022-11-19
1380,23,154,2022-12-06
1381,179,226,2022-03-15
1382,162,22,2022-03-26
1383,973,201,2023-02-01
1384,303,58,2022-08-18
1385,838,82,2022-08-14
1386,956,108,2022-12-30
1387,483,20,2022-08-12
1388,710,78,2022-08-18
1389,80,69,2022-12-04
1390,219,91,2022-03-10
1391,205,124,2022-06-17
1392,568,104,2022-04-20
1393,688,34,2022-06-02
1394,833,150,2022-05-03
1395,438,216,2022-02-18
1396,427,170,2022-08-25
1397,744,78,2022-08-13
1398,683,127,2022-07-20
1399,828,130,2022-11-20
1400,700,145,2022-02-25
1401,988,84,2022-05-21
1402,232,175,2022-10-12
1403,159,205,2022-01-01
1404,400,68,2022-11-23
1405,316,207,2022-12-07
1406,526,216,2022-11-11
1407,209,14,2022-10-29
1408,778,205,2022-05-02
1409,276,24,2022-09-25
1410,328,73,2022-02-06
1411,704,67,2022-05-03
1412,688,197,2022-12-22
1413,258,53,2022-07-28
1414,614,71,2022-05-09
1415,538,58,2022-02-13
1416,541,23,2022-09-09
1417,474,146,2022-09-04
1418,114,183,2022-11-29
1419,418,239,2022-02-15
1420,993,101,2022-06-17
1421,843,125,2022-07-16
1422,880,130,2023-01-09
1423,304,85,2023-01-28
1424,415,198,2022-04-11
1425,922,147,2022-03-25
1426,860,177,2022-03-21
1427,351,171,2022-09-10
1428,447,217,2022-08-08
1429,506,94,2022-05-27
1430,437,115,2022-09-30
1431,724,102,2022-07-05
1432,807,86,2022-04-26
1433,121,235,2022-12-21
1434,595,217,2022-06-09
1435,456,84,2022-10-23
1436,110,92,2022-11-28
1437,93,176,2023-01-06
1438,370,67,2022-10-31
1439,402,28,2022-07-23
1440,839,19,2022-10-01
1441,46,80,2022-06-25
1442,679,123,2022-05-14
1443,151,169,2022-03-06
1444,56,66,2022-04-15
1445,278,119,2022-11-28
1446,924,83,2022-10-04
1447,613,49,2022-07-27
1448,723,239,2022-11-26
1449,444,126,2022-03-03
1450,107,73,2022-12-20
1451,241,97,2022-09-21
1452,90,205,2022-08-12
1453,658,62,2022-09-04
1454,406,53,2022-01-01
1455,326,5,2022-10-25
1456,804,112,2022-04-17
1457,374,206,2022-10-05
1458,488,20,2022-06-04
1459,52,79,2022-05-19
1460,600,27,2022-02-27
1461,103,192,2022-03-19
1462,561,234,2022-12-18
1463,272,41,2022-07-15
1464,109,234,2022-08-25
1465,40,6,2022-10-31
1466,856,34,2022-07-06
1467,730,107,2023-01-11
1468,754,245,2023-01-07
1469,651,192,2022-12-19
1470,843,185,2022-09-30
1471,848,185,2022-08-08
1472,500,189,2022-09-02
1473,280,126,2022-12-28
1474,263,194,2022-02-15
1475,868,10,2023-01-16
1476,830,137,2022-12-29
1477,730,224,2022-03-22
1478,894,9,2022-02-21
1479,501,200,2022-09-30
1480,824,64,2022-09-08
1481,208,184,2022-08-17
1482,708,177,2022-08-19
1483,696,42,2022-09-23
1484,623,60,2022-11-15
1485,503,104,2022-05-21
1486,352,216,2022-09-27
1487,776,244,2022-05-21
1488,877,239,2022-12-16
1489,656,45,2023-01-21
1490,848,182,2022-02-14
1491,456,243,2022-10-08
1492,995,168,2022-10-13
1493,927,107,2022-10-16
1494,221,249,2022-08-10
1495,907,101,2023-01-21
1496,948,239,2022-02-08
1497,868,216,2022-11-27
1498,230,176,2022-08-03
1499,644,162,2023-01-15
1500,646,205,2023-01-05
1501,63,33,2022-06-09
1502,878,202,2022-02-17
1503,364,115,2022-09-29
1504,530,164,2022-05-12
1505,973,124,2022-06-19
1506,339,164,2022-03-12
1507,397,179,2022-12-03
1508,456,167,2022-12-23
1509,572,59,2022-09-24
1510,612,218,2022-05-21
1511,815,211,2022-09-03
1512,845,112,2022-08-14
1513,797,223,2022-09-22
1514,924,154,2022-09-14
1515,223,101,2022-11-25
1516,864,92,2022-02-26
1517,730,65,2022-12-21
1518,362,74,2022-11-27
1519,221,102,2023-01-12
1520,516,43,2022-04-05
1521,199,158,2022-07-07
1522,430,70,2023-01-19
1523,380,178,2022-12-29
1524,800,144,2022-08-08
1525,662,91,2022-02-20
1526,11,91,2022-10-28
1527,454,121,2022-05-08
1528,729,77,2022-03-13
1529,290,13,2022-08-10
1530,895,159,2022-10-13
1531,384,242,2022-08-24
1532,747,132,2022-08-25
1533,910,176,2022-07-27
1534,804,187,2022-03-27
1535,557,63,2023-01-09
1536,13,34,2022-08-05
1537,219,60,2022-06-06
1538,951,9,2022-02-27
1539,434,4,2022-10-02
1540,591,188,2022-05-09
1541,624,225,2022-09-27
1542,330,189,2022-09-28
1543,400,71,2022-05-09
1544,480,172,2022-03-24
1545,534,119,2022-09-17
1546,3,106,2022-10-15
1547,93,25,2022-06-08
1548,246,214,2022-08-21
1549,289,226,2022-08-01
1550,369,185,2022-03-12
1551,438,43,2022-10-08
1552,12,209,2022-08-13
1553,74,135,2022-10-10
1554,728,81,2022-10-03
1555,418,122,2022-05-09
1556,530,63,2022-09-29
1557,130,121,2022-03-14
1558,926,235,2022-09-23
1559,200,6,2022-08-29
1560,187,128,2022-03-30
1561,945,52,2022-04-15
1562,106,68,2022-03-05
1563,24,69,2022-03-17
1564,180,85,2022-03-05
1565,804,191,2023-01-08
1566,349,164,2023-01-14
1567,719,218,2022-06-13
1568,349,178,2022-10-29
1569,79,206,2022-02-15
1570,841,110,2022-04-26
1571,177,207,2022-08-07
1572,175,60,2022-12-05
1573,77,13,2022-05-14
1574,672,15,2022-10-25
1575,575,181,2022-07-10
1576,689,119,2022-05-25
1577,316,118,2022-11-30
1578,909,171,2022-02-21
1579,119,176,2022-07-28
1580,700,25,2022-05-09
1581,88,197,2022-11-14
1582,110,12,2022-04-05
1583,354,218,2022-09-26
1584,796,80,2022-04-03
1585,379,133,2022-11-30
1586,387,32,2022-04-12
1587,929,72,2022-06-20
1588,636,39,2022-09-09
1589,715,164,2022-07-25
1590,860,223,2022-06-06
1591,586,12,2022-06-22
1592,156,126,2022-03-20
1593,812,89,2022-10-23
1594,232,3,2022-09-22
1595,758,90,2022-07-06
1596,82,130,2022-11-22
1597,743,197,2022-05-08
1598,285,25,2022-08-23
1599,886,53,2022-10-17
1600,149,210,2022-09-01
1601,946,73,2022-10-12
1602,352,155,2022-09-26
1603,596,95,2022-12-23
1604,113,237,2022-10-02
1605,270,205,2022-03-17
1606,548,164,2022-10-29
1607,296,215,2022-12-14
1608,870,126,2022-11-01
1609,803,29,2022-07-08
1610,564,30,2023-01-22
1611,182,184,2022-04-18
1612,648,18,2022-04-16
1613,958,247,2022-02-20
1614,64,166,2022-09-13
1615,308,1,2022-06-17
1616,54,64,2022-12-14
1617,893,133,2022-05-05
1618,376,15,2022-11-02
1619,477,118,2022-12-08
1620,133,107,2022-12-07
1621,360,100,2022-11-13
1622,414,89,2022-05-19
1623,518,195,2022-07-18
1624,506,101,2022-12-13
1625,894,195,2022-04-10
1626,375,45,2022-09-07
1627,867,139,2022-03-31
1628,547,81,2022-06-04
1629,148,210,2022-12-04
1630,445,62,2022-10-23
1631,740,103,2023-01-07
1632,892,239,2022-08-04
1633,445,157,2022-08-02
1634,125,78,2022-03-03
1635,683,30,2022-07-06
1636,417,90,2022-02-05
1637,296,221,2023-01-19
1638,670,160,2022-07-11
1639,826,54,2022-07-15
1640,75,23,2022-03-06
1641,111,36,2022-12-11
1642,813,123,2022-04-20
1643,855,246,2022-02-23
1644,537,234,2022-06-25
1645,823,7,2022-02-23
1646,176,35,2022-05-20
1647,150,83,2022-11-21
1648,658,131,2022-06-07
1649,263,80,2022-03-27
1650,638,179,2022-05-12
1651,681,149,2022-05-20
1652,844,210,2022-12-29
1653,695,87,2022-02-26
1654,561,27,2022-04-12
1655,193,204,2022-07-15
1656,87,23,2022-10-20
1657,91,129,2022-07-20
1658,763,188,2022-08-25
1659,913,149,2022-12-27
1660,952,124,2022-11-01
1661,953,180,2022-06-11
1662,89,81,2022-02-16
1663,549,114,2022-09-16
1664,734,212,2022-02-13
1665,453,133,2022-07-30
1666,616,225,2022-08-18
1667,75,165,2023-01-08
1668,965,178,2022-12-30
1669,475,22,2022-04-05
1670,869,175,2023-01-12
1671,331,79,2022-05-05
1672,456,93,2022-02-18
1673,40,118,2022-11-10
1674,338,104,2022-02-18
1675,171,150,2023-01-30
1676,160,78,2023-01-16
1677,962,10,2022-11-30
1678,51,138,2022-07-03
1679,389,80,2022-02-28
1680,241,182,2022-07-02
1681,650,149,2022-12-14
1682,348,130,2022-08-01
1683,351,6,2022-04-15
1684,208,191,2022-02-10
1685,295,13,2023-01-19
1686,888,198,2022-03-13
1687,43,40,2022-09-18
1688,638,37,2022-04-10
1689,63,41,2022-04-19
1690,148,73,2022-09-11
1691,489,52,2022-09-20
1692,819,141,2022-12-16
1693,727,226,2022-12-12
1694,143,143,2022-06-28
1695,93,43,2022-09-07
1696,638,108,2022-10-13
1697,74,225,2022-09-23
1698,409,145,2022-11-30
1699,965,74,2023-01-13
1700,501,53,2022-05-22
1701,500,22,2022-03-09
1702,336,215,2022-03-20
1703,97,95,2022-03-30
1704,144,144,2022-07-01
1705,9,52,2022-12-01
1706,109,190,2022-10-06
1707,644,173,2023-01-08
1708,211,37,2022-06-03
1709,257,82,2022-11-19
1710,993,213,2023-01-29
1711,641,177,2022-03-31
1712,353,1,2022-03-14
1713,25,31,2022-11-22
1714,932,98,2022-04-27
1715,695,168,2022-03-11
1716,190,195,2022-12-25
1717,126,74,2022-09-19
1718,955,161,2022-08-06
1719,129,122,2022-03-08
1720,431,211,2022-04-03
1721,534,246,2022-12-04
1722,293,166,2022-08-20
1723,571,45,2022-07-14
1724,4,42,2023-01-31
1725,799,114,2022-11-09
1726,469,87,2022-11-19
1727,304,161,2022-12-06
1728,245,185,2022-06-27
1729,532,240,2022-08-05
1730,789,100,2022-12-20
1731,918,245,2023-01-23
1732,913,10,2022-10-03
1733,252,123,2022-06-02
1734,682,209,2023-01-19
1735,81,3,2022-05-10
1736,39,44,2022-02-27
1737,572,113,2022-03-27
1738,927,39,2022-05-08
1739,372,99,2022-03-30
1740,189,170,2022-11-16
1741,613,10,2022-07-05
1742,815,220,2022-02-06
1743,461,170,2022-05-01
1744,876,178,2022-12-27
1745,848,57,2022-07-21
1746,433,142,2023-02-02
1747,369,152,2022-04-19
1748,659,172,2022-03-06
1749,204,139,2022-02-24
1750,560,84,2022-05-11
1751,946,175,2022-04-23
1752,5,227,2022-09-08
1753,58,173,2022-10-27
1754,495,204,2022-05-18
1755,649,130,2022-08-07
1756,270,232,2022-10-25
1757,406,29,2022-07-28
1758,902,45,2022-05-18
1759,871,198,2022-02-26
1760,813,242,2022-03-17
1761,21,97,2022-10-27
1762,194,100,2022-12-21
1763,576,99,2022-03-13
1764,874,23,2022-02-09
1765,809,197,2022-08-25
1766,11,137,2022-03-04
1767,650,191,2022-04-03
1768,869,3,2022-05-10
1769,304,239,2022-07-31
1770,96,5,2022-06-18
1771,323,195,2022-07-01
1772,401,211,2022-07-19
1773,916,124,2022-09-21
1774,709,27,2022-06-24
1775,83,105,2023-01-18
1776,230,12,2022-11-06
1777,698,199,2022-03-17
1778,692,84,2022-12-03
1779,958,166,2022-03-27
1780,92,25,2022-05-26
1781,298,139,2022-05-09
1782,748,54,2022-09-17
1783,153,53,2022-09-13
1784,611,193,2022-04-07
1785,566,62,2022-08-26
1786,12,56,2022-06-30
1787,853,221,2022-12-31
1788,219,137,2022-08-19
1789,302,87,2022-02-24
1790,974,211,2022-12-27
1791,520,216,2022-04-05
1792,364,128,2022-08-28
1793,401,164,2022-10-18
1794,626,201,2022-12-10
1795,979,47,2023-01-28
1796,940,165,2022-08-25
1797,311,182,2022-08-06
1798,289,48,2022-05-17
1799,352,106,2022-07-10
1800,535,96,2023-01-04
1801,113,210,2022-11-06
1802,657,207,2022-12-27
1803,805,125,2022-03-19
1804,194,69,2022-08-31
1805,962,210,2022-02-28
1806,198,190,2023-01-06
1807,624,159,2022-05-31
1808,143,246,2022-02-04
1809,968,237,2022-04-04
1810,83,1,2022-12-04
1811,29,3,2022-06-26
1812,726,169,2022-05-23
1813,763,245,2022-02-23
1814,593,43,2022-09-08
1815,394,227,2023-01-05
1816,206,178,2022-08-29
1817,187,170,2022-12-22
1818,842,225,2022-12-08
1819,585,76,2022-06-21
1820,460,111,2022-04-26
1821,520,212,2022-09-01
1822,5,125,2022-09-28
1823,410,129,2022-04-17
1824,508,52,2022-03-21
1825,715,41,2022-07-11
1826,169,150,2022-06-15
1827,121,161,2022-08-25
1828,615,24,2022-11-19
1829,501,131,2022-11-17
1830,727,74,2022-09-09
1831,517,225,2022-03-06
1832,91,58,2022-12-30
1833,342,64,2022-11-25
1834,376,4,2022-03-31
1835,574,53,2022-09-13
1836,706,146,2022-08-31
1837,723,18,2022-07-25
1838,109,156,2022-11-01
1839,551,95,2022-09-17
1840,842,163,2022-12-30
1841,98,180,2022-11-01
1842,125,221,2022-02-24
1843,535,95,2022-03-28
1844,321,92,2022-06-30
1845,435,66,2022-08-26
1846,203,145,2022-11-20
1847,769,114,2023-01-12
1848,400,151,2022-11-18
1849,361,211,2022-04-01
1850,988,236,2022-06-05
1851,772,139,2022-04-16
1852,95,242,2022-05-26
1853,674,164,2022-04-24
1854,588,60,2022-06-03
1855,423,89,2023-01-12
1856,296,3,2022-02-25
1857,232,81,2022-05-30
1858,497,48,2022-08-20
1859,256,120,2022-04-24
1860,292,94,2023-01-27
1861,278,118,2022-06-09
1862,128,124,2022-05-13
1863,629,10,2022-10-24
1864,420,192,2022-09-06
1865,145,204,2022-09-09
1866,813,171,2022-08-27
1867,215,70,2022-04-01
1868,522,50,2022-02-26
1869,686,213,2022-04-09
1870,778,124,2022-05-09
1871,970,215,2023-02-01
1872,896,4,2022-04-17
1873,384,165,2023-01-16
1874,532,112,2022-05-08
1875,901,188,2022-12-22
1876,553,74,2022-11-06
1877,670,48,2022-12-04
1878,598,88,2023-01-15
1879,580,108,2022-04-20
1880,276,39,2022-11-21
1881,32,205,2022-08-18
1882,203,126,2022-03-20
1883,427,2,2022-02-08
1884,59,215,2022-10-04
1885,421,93,2022-08-17
1886,513,200,2022-07-09
1887,149,27,2022-11-29
1888,79,80,2022-06-10
1889,717,75,2022-07-21
1890,396,135,2022-06-14
1891,670,216,2022-02-05
1892,69,145,2022-11-07
1893,897,15,2022-05-31
1894,428,180,2022-03-15
1895,881,220,2022-03-27
1896,616,178,2022-11-08
1897,105,63,2022-10-31
1898,996,45,2022-12-06
1899,211,244,2022-06-21
1900,650,77,2022-04-07
1901,714,6,2022-06-23
1902,656,42,2022-03-07
1903,725,60,2022-08-31
1904,770,9,2022-10-15
1905,324,67,2022-06-13
1906,294,247,2022-07-05
1907,635,89,2022-05-22
1908,562,83,2022-10-09
1909,642,27,2022-11-05
1910,889,241,2023-01-26
1911,795,217,2022-03-28
1912,321,153,2022-08-23
1913,845,80,2022-08-13
1914,924,162,2022-03-18
1915,520,144,2022-07-06
1916,56,109,2022-08-01
1917,936,248,2022-06-30
1918,912,200,2022-05-11
1919,332,147,2022-04-13
1920,155,210,2022-05-20
1921,178,165,2022-05-07
1922,841,196,2022-08-13
1923,963,166,2022-02-24
1924,734,187,2022-12-30
1925,535,78,2022-08-07
1926,199,40,2022-05-25
1927,9,8,2022-07-25
1928,643,96,2022-09-12
1929,754,81,2022-05-28
1930,477,208,2022-12-09
1931,636,2,2022-03-29
1932,962,150,2022-02-22
1933,8,127,2022-02-28
1934,469,120,2022-04-01
1935,793,195,2022-12-01
1936,875,164,2022-09-22
1937,725,221,2022-06-02
1938,669,87,2022-07-13
1939,732,179,2023-02-03
1940,742,21,2022-06-09
1941,202,94,2022-11-03
1942,107,77,2022-11-05
1943,312,242,2022-08-28
1944,795,81,2022-10-11
1945,974,163,2022-02-20
1946,857,249,2022-06-08
1947,620,19,2023-01-15
1948,456,215,2022-07-23
1949,660,85,2022-09-25
1950,414,90,2022-12-20
1951,166,64,2022-03-16
1952,990,124,2022-12-23
1953,266,142,2022-10-16
1954,883,167,2023-01-21
1955,399,189,2022-05-25
1956,569,158,2022-05-23
1957,59,30,2022-03-24
1958,32,214,2022-05-17
1959,208,197,2022-04-02
1960,49,39,2022-07-26
1961,776,179,2022-02-07
1962,722,134,2022-09-10
1963,867,49,2022-08-09
1964,139,215,2022-08-09
1965,947,44,2022-10-01
1966,407,158,2022-03-12
1967,254,31,2022-06-01
1968,758,168,2022-06-19
1969,429,77,2022-02-19
1970,805,203,2022-07-27
1971,534,156,2022-09-26
1972,355,145,2022-04-21
1973,318,140,2022-10-05
1974,157,42,2022-08-11
1975,259,41,2023-01-20
1976,469,243,2022-06-05
1977,151,119,2022-06-03
1978,493,151,2022-04-28
1979,295,40,2022-03-30
1980,88,244,2022-05-21
1981,331,7,2022-07-19
1982,146,240,2022-07-01
1983,974,155,2023-01-09
1984,36,86,2022-12-15
1985,345,146,2022-09-01
1986,636,138,2022-07-20
1987,825,47,2022-11-08
1988,538,217,2022-01-01
1989,91,166,2022-08-19
1990,724,38,2022-10-10
1991,789,8,2022-04-30
1992,238,54,2022-08-10
1993,169,166,2022-06-14
1994,335,143,2023-01-29
1995,859,151,2022-02-21
1996,993,181,2022-08-08
1997,686,178,2022-11-16
1998,531,159,2022-09-29
1999,333,119,2022-07-14
2000,902,91,2022-09-11
